0.000001
0.001019
0.009071
0.014650
0.012906
0.011916
0.012557
0.013331
0.013677
0.014484
0.015747
0.015795
0.015835
0.015674
0.015963
0.016806
0.018541
0.020406
0.024384
0.035847
0.027532
0.017010
0.015636
0.014558
0.013706
0.013273
0.013936
0.015811
0.015251
0.011882
0.009776
0.009226
0.009028
0.008929
0.008716
0.008417
0.008249
0.008640
0.008550
0.008157
0.007827
0.008127
0.008415
0.007929
0.006980
0.006891
0.008138
0.009817
0.010915
0.009772
0.007649
0.006373
0.007118
0.009073
0.011520
0.011903
0.009812
0.007058
0.005701
0.005479
0.005546
0.005429
0.005061
0.005019
0.005010
0.005064
0.004999
0.004822
0.004796
0.004923
0.005065
0.005283
0.005639
0.006301
0.007232
0.007699
0.007255
0.006493
0.005968
0.005718
0.005414
0.004742
0.003854
0.003191
0.002797
0.002649
0.002577
0.002550
0.002480
0.002332
0.002130
0.002094
0.002384
0.003318
0.005038
0.007297
0.009021
0.009269
0.007752
0.005216
0.002970
0.001550
0.000958
0.000771
0.000909
0.001343
0.002293
0.003833
0.005631
0.007008
0.007393
0.006337
0.004543
0.002765
0.001504
0.000803
0.000525
0.000439
0.000427
0.000414
0.000436
0.000433
0.000433
0.000426
0.000419
0.000433
0.000477
0.000532
0.000615
0.000706
0.000739
0.000759
0.000710
0.000646
0.000592
0.000510
0.000452
0.000402
0.000363
0.000334
0.000314
0.000300
0.000289
0.000285
0.000291
0.000293
0.000281
0.000281
0.000280
0.000280
0.000282
0.000282
0.000275
0.000273
0.000277
0.000279
0.000268
0.000264
0.000278
0.000269
0.000263
0.000264
0.000262
0.000253
0.000254
0.000252
0.000265
0.000260
0.000263
0.000282
0.000302
0.000344
0.000384
0.000441
0.000459
0.000485
0.000470
0.000411
0.000402
0.000373
0.000336
0.000326
0.000328
0.000341
0.000328
0.000335
0.000341
0.000340
0.000334
0.000326
0.000321
0.000315
0.000284
0.000263
0.000236
0.000228
0.000197
0.000176
0.000161
0.000151
0.000137
0.000125
0.000112
0.000107
0.000105
0.000103
0.000109
0.000131
0.000158
0.000203
0.000269
0.000358
0.000453
0.000560
0.000617
0.000662
0.000647
0.000573
0.000496
0.000388
0.000288
0.000214
0.000155
0.000118
0.000093
0.000073
0.000062
0.000058
0.000058
0.000063
0.000060
0.000046
0.000054
0.000049
0.000052
0.000047
0.000052
0.000047
0.000048
0.000043
0.000046
0.000042
0.000045
0.000040
0.000036
0.000033
0.000034
0.000029
0.000025
0.000031
0.000000
0.000000
0.000000
0.000000
0.000000
0.000000
